Indexing rule: 10*14*10*14*16

Unique Values of Alpha: 16:
Interval: 0.209439510239320
0.000000000000000
0.209439510239320
0.418879020478639
0.628318530717959
0.837758040957278
1.047197551196600
1.256637061435920
1.466076571675240
1.675516081914560
1.884955592153880
2.094395102393200
2.303834612632520
2.513274122871830
2.722713633111150
2.932153143350470
3.141592653589790

Unique Values of Beta: 14
-0.986283808696811
-0.928434883663568
-0.827201315069758
-0.687292904811677
-0.515248636358151
-0.319112368927877
-0.108054948707343
0.108054948707345
0.319112368927891
0.515248636358154
0.687292904811687
0.827201315069766
0.928434883663574
0.986283808696812

Unique Values of Gamma: 10
Interval: 0.628318530717960
0.000000000000000
0.628318530717960
1.256637061435917
1.884955592153877
2.513274122871834
3.141592653589800
-2.513274122871826
-1.884955592153866
-1.256637061435907
-0.628318530717946

Unique Values of R: 41
Interval: 0.100000000000000
2.500000000000000
2.600000000000000
2.700000000000000
2.800000000000000
2.900000000000000
3.000000000000000
3.100000000000000
3.200000000000000
3.300000000000000
3.400000000000000
3.500000000000000
3.600000000000000
3.700000000000000
3.800000000000000
3.900000000000000
4.000000000000000
4.100000000000000
4.200000000000000
4.300000000000000
4.400000000000000
4.500000000000000
4.600000000000000
4.700000000000000
4.800000000000000
4.900000000000000
5.000000000000000
5.100000000000000
5.200000000000000
5.300000000000000
5.400000000000000
5.500000000000000
5.600000000000000
5.700000000000000
5.800000000000000
5.900000000000000
6.000000000000000
6.100000000000000
6.200000000000000
6.300000000000000
6.400000000000000
6.500000000000000